
======================================================================================================
                                                  Dependent variable:                                 
                  ------------------------------------------------------------------------------------
                  Lexicoder   VADER   SVM (sent.) BERT (sent.) SVM (stance) BERT (stance) Ground Truth
                     (1)       (2)        (3)         (4)          (5)           (6)          (7)     
------------------------------------------------------------------------------------------------------
Ideology            0.03     -0.004      0.09        -0.005        1.32         1.37          2.16    
                   (0.03)    (0.02)     (0.03)       (0.03)       (0.04)       (0.04)        (0.08)   
                                                                                                      
Constant            -1.00     -0.41      -1.41       -1.13        -0.63         -0.63        -1.48    
                   (0.04)    (0.04)     (0.05)       (0.04)       (0.07)       (0.07)        (0.12)   
                                                                                                      
------------------------------------------------------------------------------------------------------
Observations        2,597     2,688      2,785       2,785        2,785         2,785        2,785    
Log Likelihood    -1,517.93 -1,808.15  -1,390.25   -1,545.72     -962.23       -924.56      -529.36   
Akaike Inf. Crit. 3,039.86  3,620.30   2,784.50     3,095.43     1,928.47     1,853.13      1,062.72  
======================================================================================================
Note:                                                                                                 
